-00.179
-00.072
-00.247
+00.028
-00.233
-00.098
-00.619
+00.011
-00.073
-00.199
+00.651
-00.488
+00.666
+00.281
-00.767
+00.161
-00.285
+00.044
+00.106
+00.347
-00.392
-00.033
+00.131
+00.308
+00.115
-00.499
+00.659
+00.160
-00.306
-00.372
-00.136
-00.474
-00.326
-00.050
-00.127
-00.019
+00.206
+00.090
+00.143
-00.296
-00.477
+00.342
+00.127
-00.413
+00.100
+00.123
-00.317
+00.060
+00.124
-00.054
-00.305
+00.212
+00.726
-00.462
-00.060
+00.419
+00.088
-00.198
-00.000
+00.008
-00.392
+00.050
+00.174
-00.174
